2

19 14
3.92 0.93 -4.67 -4.44 3.12 2.39 -2.21 4.93 2.42 1.83 -2.7 -4.97 -3.04 2.4 
-1.38 -4.27 -1.49 3.76 1.9 4.14 3.98 -1.09 -4.12 -1.11 3.49 -3.43 3.65 3.37 
3.82 -0.82 -3.82 3.37 2.78 -0.48 2.86 -0.15 3.99 -4.5 3.45 3.14 -3.83 -3.37 
-3.48 -3.77 -1.29 -4.31 0.78 -1.96 1.39 0.67 0.95 -4.13 -3.63 -3.31 0.83 -4.35 
0.07 3.5 -3.11 -4.02 -4.35 -4.5 4.22 -1.43 -2.19 3.16 4.84 -0.61 -2.97 -2.97 
-0.46 2.55 2.65 -0.37 0.51 1.31 -0.16 3.6 4.32 -0.58 -1.99 -1.73 1.08 -3.04 
0.87 1.69 4.73 -4.03 4.07 3.23 -4.12 -2.69 -4.99 -1.42 4.08 4.64 -3.74 -3.34 
3.42 -4.77 3.03 -4.79 0.7 -1.89 3.55 -3.59 -4.76 1.81 3.13 -1.48 -1.78 -3.4 
-1.38 1.79 3.54 -2.46 4.86 -0.65 4.07 -0.22 -3.5 -3.16 3.49 -3.96 4.41 -4.84 
-1.18 -0.21 0.84 -0.74 -2.52 3.21 1.89 -1.26 -3.25 -1.07 -4.01 -2.65 -2.92 -4.05 
-4.31 -4.55 -1.56 -3.64 -3.19 -4.91 2.34 2.52 -3.31 -3.33 -2.36 -1.7 3.58 1.52 
-3.57 -3.43 -4.57 -1.47 2.22 4.9 -1.04 -3.37 0.63 -1.1 -1.86 -4.42 -0.08 -3.6 
0.98 -3.61 -4.74 -4.68 -0.96 1.08 4.69 -2.42 0.3 -3.93 0.96 0.74 3.19 -1.03 
-0.06 -2.95 -1.29 3.94 -2.18 -1.73 2.31 -4.73 2 -1.03 -2.54 -2.37 2.71 -1.81 
4 0.5 3.87 1.73 -0.41 3.39 1.09 -4.29 1.75 -1.37 -4.03 -2.92 4.81 -1.62 
4.75 -1.25 1.01 -0.47 -3.73 1.22 1.42 -2.65 0.6 2.26 3.21 1.28 -3.29 -3.57 
1.55 3.4 2.74 -0.42 -1.11 -2.21 -2.97 -4.56 -1.55 -0.39 3.01 1.36 3.28 1.88 
-1.3 -2.15 3.15 4.45 0.79 -1.2 4.46 -2.6 4.32 -4.98 -4.49 0.01 1.77 3.2 
-2.54 4.91 3.3 -4.68 -2.2 -3.81 -0.88 3.97 -3.7 2.49 -0.26 -3.25 -4.92 2.8 
14 9
-4.29 -0.74 -2.5 4.27 -1.12 -2.52 -4.21 -0.05 3.2 
-1.43 2.98 4.51 -3.82 3.17 3.1 2.9 1.99 -2.67 
2.85 2.45 4.79 2.38 -1.72 -2.05 -0.16 -0.59 -4.58 
4.26 1.06 -4.92 2.39 -4.8 -3.72 -0.05 -0.42 1.25 
2.15 -0.41 -0.82 4.62 2.56 3.07 1.23 -2.43 -4.25 
-1.63 -4.93 2.39 1.12 -1.64 2.62 1.66 -4.73 -2.43 
-4.77 -0.87 4.34 -4.78 -2.41 4.32 4.5 -1.57 2.52 
-0.91 -3.02 -3.16 -0.54 -0.17 -3.74 -4.75 3.86 3.19 
4.94 2.35 -3.76 0.89 -0.21 -1.75 1.81 1.32 -2.26 
0.71 -0.91 -1.24 -1.75 -2.29 -0.2 -2.69 -0.75 4.15 
-4.57 0.61 2.91 1.98 1.5 4.68 4.17 -3.37 -0.11 
-4.12 -1.9 -1.21 -0.34 -1.2 0.4 -0.15 -4.99 4.75 
-4.57 2.72 0.85 -3.26 4.6 -0.47 -0.78 3.88 1.15 
4.77 -2.58 4.36 -1.05 -4.48 -4.34 3.52 1.88 -1.67 
